10 1000000000.000000000
0.000000000 1000000000.000000000 0.181737724 1.789880062 8.119693594 1000000000.000000000 1000000000.000000000 1000000000.000000000 1000000000.000000000 1000000000.000000000 
1000000000.000000000 0.000000000 6.534836879 6.227362896 1000000000.000000000 1000000000.000000000 9.980742821 5.975585192 1000000000.000000000 5.475630970 
0.181737724 6.534836879 0.000000000 4.211188086 1000000000.000000000 1000000000.000000000 1000000000.000000000 6.875606555 1.524124882 4.949797052 
1.789880062 6.227362896 4.211188086 0.000000000 7.733970153 1000000000.000000000 1000000000.000000000 9.168004395 0.713522752 8.665303507 
8.119693594 1000000000.000000000 1000000000.000000000 7.733970153 0.000000000 1000000000.000000000 1000000000.000000000 1000000000.000000000 5.737632374 1000000000.000000000 
1000000000.000000000 1000000000.000000000 1000000000.000000000 1000000000.000000000 1000000000.000000000 0.000000000 8.972899564 1000000000.000000000 9.923398541 1000000000.000000000 
1000000000.000000000 9.980742821 1000000000.000000000 1000000000.000000000 1000000000.000000000 8.972899564 0.000000000 1000000000.000000000 1.157841731 1000000000.000000000 
1000000000.000000000 5.975585192 6.875606555 9.168004395 1000000000.000000000 1000000000.000000000 1000000000.000000000 0.000000000 1000000000.000000000 5.230262154 
1000000000.000000000 1000000000.000000000 1.524124882 0.713522752 5.737632374 9.923398541 1.157841731 1000000000.000000000 0.000000000 2.867915891 
1000000000.000000000 5.475630970 4.949797052 8.665303507 1000000000.000000000 1000000000.000000000 1000000000.000000000 5.230262154 2.867915891 0.000000000 
