0.000000000 6.716574603 0.181737724 1.789880062 7.443494980 11.629261147 2.863704337 7.057344279 1.705862606 4.573778497 
6.716574603 0.000000000 6.534836879 6.227362896 12.678518022 16.864284189 8.098727379 5.975585192 6.940885648 5.475630970 
0.181737724 6.534836879 0.000000000 1.971617786 7.261757256 11.447523423 2.681966613 6.875606555 1.524124882 4.392040773 
1.789880062 6.227362896 1.971617786 0.000000000 6.451155126 10.636921293 1.871364483 8.811700797 0.713522752 3.581438643 
7.443494980 12.678518022 7.261757256 6.451155126 0.000000000 15.661030915 6.895474105 13.835810419 5.737632374 8.605548265 
11.629261147 16.864284189 11.447523423 10.636921293 15.661030915 0.000000000 8.972899564 18.021576586 9.923398541 12.791314432 
2.863704337 8.098727379 2.681966613 1.871364483 6.895474105 8.972899564 0.000000000 9.256019776 1.157841731 4.025757622 
7.057344279 5.975585192 6.875606555 8.811700797 13.835810419 18.021576586 9.256019776 0.000000000 8.098178045 5.230262154 
1.705862606 6.940885648 1.524124882 0.713522752 5.737632374 9.923398541 1.157841731 8.098178045 0.000000000 2.867915891 
4.573778497 5.475630970 4.392040773 3.581438643 8.605548265 12.791314432 4.025757622 5.230262154 2.867915891 0.000000000 
